10010110011010010100000100101100110101110000101110000110011011011110101001000000111101101100101010100010110110000010001010110010
00010011000100010110111011001011101110010101001101000101111101001001111000000000000110001101101001110101111000101010001100000000
11110111010001011100101111011011000110010000100000111001100101110001111000110110001100010001110110000110010110100100010001101000
11101000000111100110101001011000001101000000001011111111110011110001010010010111101101000000100100111100110011110111010111111011
11000100010010111110010101011100011010001010111001000000100001000000001011111000000110011011110111011000010001010000000011111110
11100001100000000101011010111000100111111101000110110000011000100010111101011011011101110110010010100100100000000010111111100011
11010011111011100111001001011110011110001101110110110011111101100001011101110010001110110111111010100111001101101101001110001111
10000101001010110010011001001110001001001001010101110011110001110000011011001101101101011000100100001111000101111010010111001000
10010111111101111101111100100111111000111001101000010000010001000111111100000001111101100101101011100001010100100011111000111001
01111101011001010110011010100101111010011111001100110011111010100011000110010000001011010100101011101000111011110110111000100000
11110011000000100000010000111100110110101100111100010000110101000000100101111000101111001001111000000001010001000001111000100100
11000000111011011001010011100010111000001001001100100011001010001101000101001101111110000101000001101111011011100101111001011011
11001000110010001001010010111011101111100110001110001001011010011010011011011010000000111010110011100111110001101011101100010110
00101010011111001011000011001110101110010110100101100011001001111101000001010110111111010110001110011001101100111000010011110010
00100011001001010101000111010101101001100010110111101111110000101010000100001110111010111101000111110110001110000111110000110000
11110010000111101000000110101101000001100001110000101101101110011010001100001010010000001110011101101111100100001011010011011110
01100011111010010011001100010000110101000011000101111001111100101101010111001100110110000010101011011011101101100011101011101000
01110000101010011110100000101101000011110010110110111010001101101111000100101001010010000000001000100000001001100000101000111101
11000110111110010011101000010100111000000100110000110111011010011001100101110000110100101111101010011101001001000101001111110001
01101110011001011110111011010001101011110101000100100111011110000110011111001000000111101101110001011110001100100111110101000100
01111110011110000111000100011101000010010101100100100100000000110010110110111110101111011110101111110111100110100101110001000100
01011101010101011011000001010011100011001000001001010011010110001100010101000000011101001001011000110111001001010110110111111111
11001100010110000011010001111111111001111111011100111100001101100100010110000110010100100110111111101001100111001010101010101000
11110111000110111110010110011101011011010110001100111001010000000001100011001010110001101011110001001000010010100000100111000001
10000010001110001000100010010011110110100100011111100011001111100111001000000000100001100000011100011111000111011001101111100100
00101110000110110001101010000100001110010111111001001111110011101001101111000011000101000100000010001111111010101000101010010011
10111000010000100111010011101111100001011111101110010100100100011100100011110100101111110110001110010101001011011001101100010000
10100110111100110001010111010011010011111010100110010011010010111101011101100100011001010100100000010100100100000010010101100111
01110101010101101110111001101100000110000110101010101100101100010101110110010110000110111100100011111101011101110001110000001111
00000000101011011010011001101001111100011000001001000010111010100011011101011111111110100011010001001011000011011001001011000001
01001001101110000111000110110000010001010010101111100011010101000100111100011011110010111010111111010101000011001100100000110100
10001010010000010011101001011110111100111010010001111000100010100110010111111010010011111111010101010101101111011101100100111011
01101111101110001110101010100010001000110000101000100011001111100011010101111100010100011000101101100000110001010111100000001111
00011000001011010110101011010111111100111001011101000011101001111100110000110011111110101000101110001101101000010011001110101010
11010110101001100101011000111010000011110011011110000011001100011111101111011110110100100011101011001110101001011000110011100100
11101011000001011010110011101011001100011001101000100101101000011010001000111100101000101001011001100100101101110110101100100010
01101010110100000001100101110100110111011101001101111110001010011000110111001000111001110100100011010111001101110110010001011110
11101101111010101001000100000000000000000101110100011011001111011100001000101000110101010111110000110101011101011000001100101110
11000001101000100011111000011000110010110111011000101111010011101001111010010001110110110101000010101001101011011101111000011111
00001001100000100110101000011010111100101110001000000110001001000011000001111101001010100100100111101001011110100101100010100000
01101101010010110101101100110000000110111110100110010000011011111001100000100000011011001100001101011001000111011111101010010101
01000010101101011000100111101101110110011011101001101011000110010011000110001101100100101111110000011000010000111011000000001000
11111111110101001010110110100001110000001100101101001001000001110100111001001011010001011001000100011100001010100011101000100110
11110101101000100011001001111110001010001000001001100111010001111100101011101001010111111011000100010110100110100001100000010011
01101111010000011000101100101110110011111101011110101100100101100001010001111101111110000011101010011011110100001110111000111000
11100001110101101101000001110001000110000011000101111001010110111010000001111111011011101100011110111011000000011010001011001010
10100001100101000101100000010110011000111010011001101111001101111011101111001000111000000111011100010010000100110000010001011001
00111111100110000111111111011000101101100110001110011111100010010101011100110100001110100011010010010000110011100001011100101101
01000110101111101001010011101000010101011010110101100111111111111000111010010110110110100001010101001100010010001011101010000100
00100000010001111110000010011110001100011100100111100010110000010011001000100100010110100101110011100100111000011101100101010000
11110110011000011101101100110110001110011011100011001101110110111000010110110101111010001000100011110011000100000011110011111001
11111101100011000110101001010111111101011111101111101001000000010100110010001110100101010001001110111001010010101110010011110001
00111000111110001010100001001001100111011000100001100111101101001111111010101111001111000010001011011100111110111000011000001110
10111101000110011011001010110001011010001100011110101001001111001110010001110111000110111010101000111101110111000110001110110001
01101001000001001110111111100110011110101110011001000101110110010011010110011100101110001100101000110100010101100000000101101110
01111011101110011110101010111100011000100110110101001100001001101100010100011010111111101011000000101101010001101010000010101010
01000010001100110001010011100101111011001011111011011110000001110001001101011010111010000111110111011111001011001001001010011110
10100001011011111111100011101011100000110111101011100100001010001101110110111011110011001101010100101001111110110101111011101000
00011111001100110001001111001010100110100101111000100110001100001101000100110000011001001100000111001101010010001110111110001000
10001101001100001110001111100011010001110000100000001110001100011010101010111101101010010000111011011011101100001111010100100011
11101110011110001101010000111110101110100100110111111000001010111100001010000010000111101110101101000001001000011110110101000111
01110110111100011000101111010111000110100000000010001110110000001111100001011111111111001000000100110110011100001111011011001111
11111111011110000110101100011001100111001001010110001010010100110100100100100010111000100100011110111010000010101101011110100001
01111111010000011000110010001001011001100110011111000000001010110111010001100101001111010110110110110010101010111110011011100000
11000110000110011111110101011100111010111001110001100011011101010100000111110010011100100100011010000011110001110111010110011001
00111011101101111001010010111100011100001001011110101000100111100101010000000110011000000001101001010011001010101111011100011100
10001101111111001010000101110110101011101100101111001010010110011100011100000100101000111011100101011111001000111010101000101011
01100101101001001100110011001101111000000010001110101111011000111001110111010101100001110001010011011110010000010010010110011111
00111010111110101001111011001100010010011000011011100010100110110001111000010001111100111011101111000110100100011110010111000101
10101111010001100000000100011011110001000110011100110111010010101000011101001110110010101101110011100110100110010100011010000101
00110101011101111011101001111101101100110000010001010101110011110011011010110111001000010001110010011101010110010100001000010000
01110001101000000011011000100110101001011000011110100010101111111101100101010001001110111011110110000000001010001001101011100110
10100110010010000010011100001101100010101000111001111111010100100010000100001100001010110010011111100011101001000111011011011010
01000100101010101011100100011101001010010110011100111000010001000110000010110001101011000101010001010100010110111101100011000110
10101110000001001010000011100101010101110001101011010000100111100101011010010011010010001101111111000110110001101010001011010101
01101110000010110001000110101001010111111001011110000110011001011110111100000100100010101100010110110000111111100101110101101001
11111100110011101001001100011001111100010011111001000010010110111111001010011110010110010011101110100010110100111100111101001101
01010101010100010000100100010100111000011001110000000011110111100011011011100000010001110001011001000101111111001101010000101101
00111000111100011010100010001100001011000110001111001101001111110011010000010000100100111100010101100010100011011110011010011101
10011000010100110010010110001011001110001011101101001011101101111000100010011011100111101000011110000100110000001101001000010111
01010000000011001010000001011000111011111000001011010110000011100011111100111011100000111000101011010000010101000000001111100010
11100000110001001100010011110000011100000111101011100000010001010011011101110101111110011001001101000000110111000000001101110011
01000110011101000110001011101001101110001010101001000011010010010001111000011111111000110010010110101100010110010111000101010110
00001001111100101110101010101000000101101111010001010101101000010000011001000101110111110000111011111001101111111110010011110010
00011000000110011000101010101010001101011000011101101010110011001001000011010001111111110001010111111101111100010000001111110100
00100001000100101110110111011100101100110001011101001011110001101011101001010101100000011001011001100001101111111100111000010010
11001011101111000101110100011001110011110101000111010000000101011110111100101011101010100010000100001110110011000101011101111000
00111111010001000110111111000000101000000010011011100111000101001111011101011100001011010100011010000110000011110110000111101001
11001100101110000100011100101100100110100010000100010010100010100001101111111010101100101000010010000100001111011101011001100110
10101111000011100010011010100010011010110011100110111100011000010101001001011100001001101001011110110011001011100000011010101010
11010000101000110000001001001101001111010010011111011111100110001010110110001101100110001001001000001101111101111010101110011100
10100010001100110001010111001100010000111010011011011001000100001010001001001010111010101110011011011000010010000010111111101100
00010101010011010010111000011011010111110001011001101000010111000010101101100011001110010111101101101111011111100100011101101110
00000110111101101001111100010001101010111111111100111011011000000100001101100110011110000000101001010001011101001011011010010001
11101001110000100110001001010101101011100110011100000010100000110010111100010000101001001011000100110110011011001111100101111110
00010110000101000000000101111001111100101111100101100111010000111011111111111011011100101101101101000101111000111110100011000011
10010010000011100100100101110010111111010101010100101001110100010100001010000100110011000111010010111100111111111001000001001101
01000000100100000000001111001011010001110010011110110011110111110101010001111000100110010100011001111001011110001111111010000000
00010001101011011000010110001011000100101101110110010001011110001001011110001011110100111000001010100010011001001100011111001000
11110000111110111010100111000101011001000001101100111100110100000011110011011111001111101101111101010011100010000101111110101100
11101011010101010000010010101011000101110100001101100011001011000001110001010010010000001000110011000010111111000101001101001000
00001100001001101100111011001000111011101000111101100001000010110001000011001101000110100011101000001110100010110011000100100100
01010100110011101011000111010110001010100101001001111010111001101011011101110110101100011001000011011010000011010100001010100111
10111010100100110010000000011000101011100010110111100010001010111011100010000111111001111001100110110111111100101110000011000001
01010010001011011110010110100100111010010100011001000100011010011110101011000100110100110001111110100011010110000010011100010100
11101000111001010011010110100111010000010001001000011010100000001000011110010101011100110000011001111100111101000111110111101101
11011110010001110000100010111110101111000011011011001100111101011001111100110011110000111100110111011011000001111000000010000111
11110010110110101010111010111011100111010010001110101011011010010001001111111010001001110010100110100011011010011000110011100000
11011001111011100101010011100001010101101001100010011000111010110010101001100010100010101110110110001001110011100011111001110010
11110111110010100000010110001100011100111100100100011111111110011111111000111011110001001001101100011110101111011111110010010010
00100010010100100100000010110001000110101000111011110000100011111000111100100100101100100010011010100010010001100000111011111101
00101111000000010101100001100100111001000111101011111110101011111101001010010100000001001111000101101010101010100101000000001101
01111110001111011111110000100100101110111100001110111101100100011110100001111101100011111001101001000001000011100111000011111000
10011000110101111101101110110100010011100111101001001011011001001010001010100110010111111101001101111011101001111011111110110101
11100000010011111000010010010001000111010110110100111001011101111000101010010000100000010001110101111001000011001001011101001010
01101110001101011001011011110011001000010000100001110010000100011101011001111011010101101011001000000000111100100010000011101010
01110001100110001100001001000111000100011000010010001011110110010101010110101000011001111111111011110010101000100000110000100101
10111010010110100011000111011100111110111010011001010111011110101101010110111011000111000001110010100100100101100101001110011011
00100010011011110110011100001111001111101100100111001011011011000100101000010001100000101001011100000010110110000101110001010001
01010101000100111001100101000010111101001100101001001001111011110011000001001110110100000101110011000110100000001110101100010100
01001001001100111100011000101100110110100110011011100000000001110110001100110011010100001000101111100001000010101111100011111100
10011100011100110100110111010111001010111010001110001100010110011110101011101101011100010111101111101100010101001111111011011011
00011010001110110011011011100100001101001110101011100111010000110001001010101010001110011110110110110100011011110010011110001101
00011001110010100011101101100101000100001110010110101011010111100100000010110100110010000111011101010011101110110100001010110010
10110011011011001000010100110000100011100101000010101110011100101111111100101111100100010110001101010000000101000000101111101110
10010010000110011111011110001111010100110001001110010000001000110100000111000111010100110000110101011010000000001101100101011010
00100001000110111001101011001100001110111110011100011100000101110101100010100010000110001000011001001111111101010101101100000010
00111111100110010011101001101111111000001110101001000100011110101101110000010101000010111111011101111010111110011001100101010010
