01111011
11000101
10111011
10110100
00001111
00100101
11111101
10001101
01011000
11011000
01001111
11100100
11100110
11111110
01101001
00111101
01100011
11100100
00011011
00010011
10011111
11011001
11111111
10001100
00011110
11110010
01000001
01010010
01110000
11100011
10110001
00000101
10111110
10111011
10000101
00001101
01100111
01000010
01011000
01101101
11110000
01001011
11110101
11000011
01100000
11101011
10100011
01001101
00010110
10110110
11001101
10000111
01010110
01010010
01111110
11101011
01010101
01000010
00000011
10001001
